3837
16899
3377
32408
15332
19611
24119
23721
24623
19992
19129
20334
5894
17784
18106
1526
4162
19715
26237
6759
15061
19460
16690
22705
24825
28102
20714
29296
23065
32717
30371
24678
1727
8830
31852
24868
2288
19520
29643
4253
31762
27901
4936
25687
11596
10403
31256
25628
2826
9072
3317
10055
6993
25991
21261
11653
19639
2245
7847
26017
9402
8542
17955
23713
21352
3957
32033
6451
22650
31775
10515
1916
18876
1455
14973
32744
8710
5495
15263
31621
20700
666
31912
21515
6204
14000
21863
5076
11004
6770
485
25991
18651
648
7450
8283
32275
30541
29026
23782
19457
28684
15010
11496
18633
2004
8317
18560
26250
21769
24763
1023
25282
31887
13116
23911
22995
20290
23347
3905
2843
25127
21056
12833
5775
16749
11195
1706
13914
6646
